inst/example_files/data/SP2timeseries_CalMexParqueMorelos_20100515_R0.ict
33, 1001
Russell, Lynn
Scripps Institution of Oceanography/University of California San Diego
DMT Single Particle Soot Photometer (SP2)
CalMex 2010
1, 1
2010, 05, 15, 2010, 06, 30
0
Start_time_UTC 
3
1, 1, 1
-9999, -9999, -9999
End_time_UTC, Nconc (number per cubic centimeter), Mconc (nanograms per cubic meter)
2
Processed with DMT PAPI software
18
PI_CONTACT_INFO: lmrussell@ucsd.ed, satoshi.takahama@epfl.ch
PLATFORM: Parque Morelos ground site
LOCATION: Tijuana, Mexico
ASSOCIATED_DATA: N/A
INSTRUMENT_INFO: N/A
DATA_INFO: Units: ug/m3
UNCERTAINTY: N/A
ULOD_FLAG: -7777
ULOD_VALUE: N/A
LLOD_FLAG: -8888
LLOD_VALUE: N/A
DM_CONTACT_INFO: Data Manager: Lynn M. Russell (lmrussell@ucsd.edu); Satoshi Takahama (satoshi.takahama@epfl.ch)
PROJECT_INFO: CalMex Dates of study: 5/1/10 - 7/15/10
STIPULATIONS_ON_USE: Use of these data require prior ok from PI.
OTHER_COMMENTS: N/A
REVISION: A
RA: Preliminary Data.  For in-field use only.
[from data line 1563]
2331900.00000005,2332800,280.6309368,510.9772104
2332800,2333699.99999995,379.2764736,839.74104
2333699.99999995,2334600.00000005,378.5925384,804.701952
2334600.00000005,2335500,318.3856056,864.154872
2335500,2336399.99999995,361.0362888,1339.428816
2336399.99999995,2337300.00000005,300.1272552,845.331264
2337300.00000005,2338200,212.1501168,501.3700776
2338200,2339099.99999995,222.2010432,494.8692624
2339099.99999995,2340000.00000005,237.6215712,598.914324
2340000.00000005,2340900,215.1148464,450.3560976
2340900,2341799.99999995,153.41904,327.6347256
2341799.99999995,2342700.00000005,183.7465632,384.5709576
2342700.00000005,2343600,118.5264792,314.991828
2343600,2344499.99999995,163.8411696,322.1236368
2344499.99999995,2345400.00000005,88.5587112,197.734752
2345400.00000005,2346300,108.7246512,268.71858
2346300,2347199.99999995,138.2823792,441.2021832
2347199.99999995,2348100.00000005,114.737364,460.0747368
2348100.00000005,2349000,121.4490024,308.8693872
2349000,2349899.99999995,89.4839544,230.4301464
2349899.99999995,2350800.00000005,121.0130568,518.8706136
2350800.00000005,2351700,139.0449024,447.3563112
2351700,2352599.99999995,109.1364264,319.4652528
2352599.99999995,2353500.00000005,149.665392,516.9765024
2353500.00000005,2354400,118.5207624,411.292044
2354400,2355299.99999995,89.5273272,288.333504
2355299.99999995,2356200.00000005,294.1365888,2002.002048
2356200.00000005,2357100,112.773816,456.4806624
2357999.99999995,2358900.00000005,67.31343,294.6917376
2358900.00000005,2359800,39.24081216,94.9532688
2359800,2360699.99999995,57.59083008,124.8295464
2360699.99999995,2361600.00000005,64.67280984,177.5403648
2361600.00000005,2362500,64.18076832,160.7249304
2362500,2363399.99999995,52.60929408,103.0801968
2363399.99999995,2364300.00000005,57.57374088,165.936816
2364300.00000005,2365200,123.877224,871.331904
2365200,2366099.99999995,124.2030888,703.1282256
2366099.99999995,2367000.00000005,106.4183184,289.4775264
2367000.00000005,2367900,95.2916112,178.0832448
2367900,2368799.99999995,99.2741688,233.4855168
2368799.99999995,2369700.00000005,87.2987616,146.1242232
2369700.00000005,2370600,44.9860824,95.6446704
2370600,2371499.99999995,48.661812,111.1145472
2371499.99999995,2372400.00000005,32.69543472,58.132962
2372400.00000005,2373300,39.06616824,59.62893984
2373300,2374199.99999995,75.2317344,132.359112
2374199.99999995,2375100.00000005,53.83207656,91.1010168
2375100.00000005,2376000,96.2018136,150.6745872
2376000,2376899.99999995,159.8028696,274.685688
2376899.99999995,2377800.00000005,128.5982928,199.4290776
2377800.00000005,2378700,178.8078456,315.7145928
2378700,2379599.99999995,236.5424568,386.453124
2379599.99999995,2380500.00000005,285.619572,529.6627944
2380500.00000005,2381400,306.0100584,645.7378464
2381400,2382299.99999995,504.6495984,1223.927928
2382299.99999995,2383200.00000005,399.7139976,699.4716336
2383200.00000005,2384100,322.1130312,498.8711016
2384100,2384999.99999995,299.5133256,496.7661888
2384999.99999995,2385900.00000005,261.9315216,420.1240176
2385900.00000005,2386800,208.3444488,377.346348
2386800,2387699.99999995,246.7531152,414.8297064
2387699.99999995,2388600.00000005,206.0329464,311.072904
2388600.00000005,2389500,223.3204848,422.8401168
2389500,2390399.99999995,265.4037288,547.1681688
2390399.99999995,2391300.00000005,370.7029512,780.121656
2391300.00000005,2392200,191.9047536,419.584932
2392200,2393099.99999995,398.563452,840.997224
2393099.99999995,2394000.00000005,292.5766296,564.5525904
2394000.00000005,2394900,349.319988,687.3210288
2394900,2395799.99999995,228.5403984,475.9508736
2395799.99999995,2396700.00000005,293.1526224,550.2995784
2396700.00000005,2397600,270.4234536,558.4495104
2397600,2398499.99999995,188.7691464,377.023284
2398499.99999995,2399400.00000005,239.17248,434.0234088
2399400.00000005,2400300,249.9707016,482.304168
2400300,2401199.99999995,248.8835232,489.3350688
2401199.99999995,2402100.00000005,225.2062008,427.2750216
2402100.00000005,2403000,207.1024128,429.3610488
2403000,2403899.99999995,118.3059216,262.5460848
2403899.99999995,2404800.00000005,151.751988,312.1832736
2404800.00000005,2405700,97.0963416,179.3164752
2405700,2406599.99999995,155.5117992,347.7033792
2406599.99999995,2407500.00000005,179.5459032,284.29254
2407500.00000005,2408400,114.0818832,230.1921216
2408400,2409299.99999995,126.6546456,256.7765808
2409299.99999995,2410200.00000005,126.5065128,240.9257808
2410200.00000005,2411100,133.196652,299.3533056
2411100,2411999.99999995,162.266796,336.5460792
2411999.99999995,2412900.00000005,165.0936816,286.1454744
2412900.00000005,2413800,165.4437816,404.1037584
2413800,2414699.99999995,156.5974368,289.0944432
2414699.99999995,2415600.00000005,153.6989184,288.514368
2415600.00000005,2416500,217.5448464,436.3915752
2416500,2417399.99999995,166.6258416,338.4667944
2417399.99999995,2418300.00000005,136.5643584,269.2445544
2418300.00000005,2419200,230.2636536,506.5818192
2419200,2420099.99999995,174.5449632,368.3332656
2420099.99999995,2421000.00000005,209.609424,339.215616
2421000.00000005,2421900,206.4928968,391.4720208
2421900,2422799.99999995,147.7764288,283.5352584
2422799.99999995,2423700.00000005,169.167672,326.774628
2423700.00000005,2424600,197.0294616,386.3901888
2424600,2425499.99999995,175.0005648,328.9890312
2425499.99999995,2426400.00000005,217.7353728,493.942464
2426400.00000005,2427300,103.2918192,238.8945672
2427300,2428199.99999995,174.6404928,404.5169448
2428199.99999995,2429100.00000005,190.1680704,390.0768264
2429100.00000005,2430000,180.7735392,356.1923808
2430000,2430899.99999995,143.3954088,299.1705192
2430899.99999995,2431800.00000005,153.4650984,370.020492
2431800.00000005,2432700,143.4688632,365.1189408
2432700,2433599.99999995,178.4466216,584.2742184
2433599.99999995,2434500.00000005,248.47524,859.775544
2434500.00000005,2435400,171.12852,518.999976
2435400,2436299.99999995,187.5774096,561.0708504
2436299.99999995,2437200.00000005,187.7946768,791.836344
2437200.00000005,2438100,179.3477736,550.8291888
2438100,2438999.99999995,163.613088,540.770724
2438999.99999995,2439900.00000005,162.9141624,443.3631624
2439900.00000005,2440800,143.0832312,361.5328296
2440800,2441699.99999995,136.1218176,361.0507752
2441699.99999995,2442600.00000005,149.8586976,429.3545976
2442600.00000005,2443500,151.2485208,369.4715208
2444399.99999995,2445300.00000005,123.4846872,361.1047752
2445300.00000005,2446200,121.0385592,354.6131616
2446200,2447099.99999995,134.0714592,436.7850624
2447099.99999995,2448000.00000005,120.225096,424.3105296
2448000.00000005,2448900,68.41651752,231.676596
2448900,2449799.99999995,51.50367,135.413604
2449799.99999995,2450700.00000005,94.0524624,441.520956
2450700.00000005,2451600,61.56993168,239.4008424
2451600,2452499.99999995,74.5402824,214.7114088
2452499.99999995,2453400.00000005,57.95421984,141.7632192
2453400.00000005,2454300,114.4605168,391.8447288
2454300,2455199.99999995,115.8659568,241.7418792
2455199.99999995,2456100.00000005,64.73737224,122.677992
2456100.00000005,2457000,86.1925968,163.1113848
2457000,2457899.99999995,46.54207296,100.25208
2457899.99999995,2458800.00000005,65.75926752,111.5197776
2458800.00000005,2459700,38.32907184,70.73879544
2459700,2460599.99999995,39.09099888,54.70392312
2460599.99999995,2461500.00000005,50.88237624,97.0560792
2461500.00000005,2462400,88.1926704,168.5274552
2462400,2463299.99999995,117.3177936,286.8967512
2463299.99999995,2464200.00000005,216.2035728,358.6751496
2464200.00000005,2465100,153.211248,280.169028
2465100,2465999.99999995,137.0619864,259.381836
2465999.99999995,2466900.00000005,265.6326456,537.9688008
2466900.00000005,2467800,214.1425368,396.7986744
2467800,2468699.99999995,257.021352,435.3463296
2468699.99999995,2469600.00000005,319.8264624,688.6820304
2469600.00000005,2470500,352.4923584,786.561048
2470500,2471399.99999995,366.7886208,768.85164
2471399.99999995,2472300.00000005,749.24172,2343.744144
2472300.00000005,2473200,611.3095128,2245.935312
2473200,2474099.99999995,508.6060488,1497.74472
2474099.99999995,2475000.00000005,238.6855008,529.7006592
2475000.00000005,2475900,197.1765432,456.083784
2475900,2476799.99999995,219.107052,554.5763496
2476799.99999995,2477700.00000005,258.207552,782.024112
2477700.00000005,2478600,190.9831896,648.5911992
2478600,2479499.99999995,303.7201344,1498.170672
2479499.99999995,2480400.00000005,338.1849648,1684.61568
2480400.00000005,2481300,410.9701104,1196.546256
2481300,2482199.99999995,226.968084,583.184304
2482199.99999995,2483100.00000005,218.4292656,494.9085744
2483100.00000005,2484000,225.5998536,550.7525232
2484000,2484899.99999995,239.157,522.8305992
2484899.99999995,2485800.00000005,276.0823944,613.2808656
2485800.00000005,2486700,292.4185608,577.3937544
2486700,2487599.99999995,225.6864408,436.4334288
2487599.99999995,2488500.00000005,230.9333544,460.5900984
2488500.00000005,2489400,137.023236,295.5957048
2489400,2490299.99999995,180.1309104,355.7018376
2490299.99999995,2491200.00000005,140.0575032,281.6885952
2491200.00000005,2492100,146.6559288,333.3937248
2492100,2492999.99999995,180.3568824,414.780408
2492999.99999995,2493900.00000005,132.4715328,269.0688888
2493900.00000005,2494800,170.8926264,364.3922304
2494800,2495699.99999995,158.3644032,358.1369928
2495699.99999995,2496600.00000005,184.5539352,386.3162376
2496600.00000005,2497500,146.3598288,290.9152584
2497500,2498399.99999995,157.3858944,331.3653696
2498399.99999995,2499300.00000005,128.6827416,231.4063512
2499300.00000005,2500200,119.282004,261.9343872
2500200,2501099.99999995,124.446456,238.8924
2501099.99999995,2502000.00000005,155.7334512,309.6540216
2502000.00000005,2502900,194.6064456,359.7993288
2502900,2503799.99999995,122.7477096,312.0076368
2503799.99999995,2504700.00000005,148.6931328,365.5247184
2504700.00000005,2505600,151.9351344,287.3158416
2505600,2506499.99999995,146.3029416,272.932956
2506499.99999995,2507400.00000005,133.169076,239.9037768
2507400.00000005,2508300,250.5102048,446.550084
2508300,2509199.99999995,293.6132928,501.3141552
2509199.99999995,2510100.00000005,284.7148128,557.4380832
2510100.00000005,2511000,265.072392,448.1023896
2511000,2511899.99999995,275.842116,449.1663408
2511899.99999995,2512800.00000005,262.3872456,471.9002184
2512800.00000005,2513700,298.6839648,548.8203744
2513700,2514599.99999995,312.2582904,531.6141672
2514599.99999995,2515500.00000005,347.1278328,550.0610064
2515500.00000005,2516400,372.1970232,648.671472
2516400,2517299.99999995,345.4692408,624.5990496
2517299.99999995,2518200.00000005,296.6625144,569.8047384
2518200.00000005,2519100,209.1070224,575.9862984
2519100,2519999.99999995,178.4466216,552.9064608
2519999.99999995,2520900.00000005,176.236596,452.8450152
2520900.00000005,2521800,145.830456,400.8569904
2521800,2522699.99999995,183.4558344,543.2300496
2522699.99999995,2523600.00000005,199.3371768,585.5080464
2523600.00000005,2524500,189.9730656,516.6460224
2524500,2525399.99999995,167.5500552,392.0546016
2525399.99999995,2526300.00000005,174.1527648,447.304572
2526300.00000005,2527200,172.3938408,429.5388888
2527200,2528099.99999995,138.5934336,359.9613432
2528099.99999995,2529000.00000005,156.8118456,459.5361336
2529000.00000005,2529900,164.5912944,439.357032
2530799.99999995,2531700.00000005,235.827216,558.87678
2531700.00000005,2532600,199.612296,427.1875416
2532600,2533499.99999995,224.8346016,562.8999744
2533499.99999995,2534400.00000005,269.7464232,664.4322504
2534400.00000005,2535300,306.5391576,767.49552
2535300,2536199.99999995,247.752,618.7013136
2536199.99999995,2537100.00000005,241.2570024,543.8264328
2537100.00000005,2538000,237.5235216,580.651128
2538000,2538899.99999995,215.696916,621.8859816
2538899.99999995,2539800.00000005,206.8477344,599.1681744
2539800.00000005,2540700,191.4126336,535.5034704
2540700,2541599.99999995,128.955024,344.802852
2541599.99999995,2542500.00000005,80.0238672,243.9620784
2542500.00000005,2543400,57.79974168,167.13918
2543400,2544299.99999995,72.9927144,176.2650432
2544299.99999995,2545200.00000005,87.8632272,376.232508
2545200.00000005,2546100,105.7735008,760.392504
2546100,2546999.99999995,101.3231304,650.49678
2546999.99999995,2547900.00000005,49.77623736,180.4480344
2547900.00000005,2548800,92.9797488,476.1752688
2548800,2549699.99999995,97.1350776,366.7212288
2549699.99999995,2550600.00000005,117.9124776,432.9439632
2550600.00000005,2551500,119.5121376,429.0895872
2551500,2552399.99999995,94.045896,329.5765224
2552399.99999995,2553300.00000005,106.3820088,312.5415312
2553300.00000005,2554200,226.3055328,841.41144
2554200,2555099.99999995,222.7641264,1004.370696
2555099.99999995,2556000.00000005,217.364076,968.325264
2556000.00000005,2556900,237.6032256,1195.712136
2556900,2557799.99999995,209.6593272,861.008832
2557799.99999995,2558700.00000005,155.3955552,567.0895032
2558700.00000005,2559600,145.159524,523.342152
2559600,2560499.99999995,148.9725864,398.2320432
2560499.99999995,2561400.00000005,156.8241864,483.4111032
2561400.00000005,2562300,150.921864,458.7436728
2562300,2563199.99999995,187.661988,495.446076
2563199.99999995,2564100.00000005,244.3588704,625.255416
2564100.00000005,2565000,133.1407008,278.3242584
2565000,2565899.99999995,206.6625288,499.9930776
2565899.99999995,2566800.00000005,236.627928,572.144724
2566800.00000005,2567700,197.871084,437.2459056
2567700,2568599.99999995,212.7247704,410.8890168
2568599.99999995,2569500.00000005,172.3174488,322.2534816
2569500.00000005,2570400,146.6028504,283.431852
2570400,2571299.99999995,186.0830424,358.1912736
2571299.99999995,2572200.00000005,176.9449752,322.3598112
2572200.00000005,2573100,186.7150872,339.3150768
2573100,2573999.99999995,165.244608,299.7334656
2573999.99999995,2574900.00000005,141.6083256,252.037116
2574900.00000005,2575800,135.0868464,272.0634552
2575800,2576699.99999995,125.0320464,209.1591072
2576699.99999995,2577600.00000005,120.6280944,225.4986792
2577600.00000005,2578500,136.4497848,253.6864848
2578500,2579399.99999995,122.8451184,208.8458712
2579399.99999995,2580300.00000005,134.5903416,243.575856
2580300.00000005,2581200,206.7101136,403.1105256
2581200,2582099.99999995,140.9424696,273.300876
2582099.99999995,2583000.00000005,154.9773864,274.6625832
2583000.00000005,2583900,134.2092096,256.6829736
2583900,2584799.99999995,119.8121976,213.4946016
2584799.99999995,2585700.00000005,121.492728,234.6872616
2585700.00000005,2586600,122.328684,215.8370424
2586600,2587499.99999995,124.6312296,238.7080872
2587499.99999995,2588400.00000005,125.400564,207.8101008
2588400.00000005,2589300,113.3046144,227.3543496
2589300,2590199.99999995,105.1594272,182.82366
2590199.99999995,2591100.00000005,105.7332168,202.2747264
2591100.00000005,2592000,130.0846104,222.7155984
2592000,2592899.99999995,118.894284,199.1169144
2592899.99999995,2593800.00000005,117.529344,203.604264
2593800.00000005,2594700,95.5249272,146.9558376
2594700,2595599.99999995,124.0398432,215.1215064
2595599.99999995,2596500.00000005,112.7784456,189.8024112
2596500.00000005,2597400,104.8303656,172.7320608
2597400,2598299.99999995,110.5944696,170.9632656
2598299.99999995,2599200.00000005,94.4594136,173.4135624
2599200.00000005,2600100,133.2886392,242.0141976
2600100,2600999.99999995,118.23372,198.9287568
2600999.99999995,2601900.00000005,116.3208456,203.3658072
2601900.00000005,2602800,129.54366,256.2986952
2602800,2603699.99999995,141.5617056,247.7117448
2603699.99999995,2604600.00000005,135.9550368,253.2426408
2604600.00000005,2605500,144.6606216,286.7304456
2605500,2606399.99999995,203.6639016,485.7928704
2606399.99999995,2607300.00000005,117.399276,215.5370832
2607300.00000005,2608200,130.156668,315.492156
2608200,2609099.99999995,130.241736,261.0296784
2609099.99999995,2610000.00000005,109.2873384,208.6570656
2610000.00000005,2610900,114.3135936,260.7708312
2610900,2611799.99999995,92.2898664,181.6302888
2611799.99999995,2612700.00000005,110.0104632,273.1043736
2612700.00000005,2613600,109.663668,274.7177712
2613600,2614499.99999995,135.3894912,288.6244704
