inst/example_files/data/SP2timeseries_CalMexParqueMorelos_20100515_R0.ict
33, 1001
Russell, Lynn
Scripps Institution of Oceanography/University of California San Diego
DMT Single Particle Soot Photometer (SP2)
CalMex 2010
1, 1
2010, 05, 15, 2010, 06, 30
0
Start_time_UTC 
3
1, 1, 1
-9999, -9999, -9999
End_time_UTC, Nconc (number per cubic centimeter), Mconc (nanograms per cubic meter)
2
Processed with DMT PAPI software
18
PI_CONTACT_INFO: lmrussell@ucsd.ed, satoshi.takahama@epfl.ch
PLATFORM: Parque Morelos ground site
LOCATION: Tijuana, Mexico
ASSOCIATED_DATA: N/A
INSTRUMENT_INFO: N/A
DATA_INFO: Units: ug/m3
UNCERTAINTY: N/A
ULOD_FLAG: -7777
ULOD_VALUE: N/A
LLOD_FLAG: -8888
LLOD_VALUE: N/A
DM_CONTACT_INFO: Data Manager: Lynn M. Russell (lmrussell@ucsd.edu); Satoshi Takahama (satoshi.takahama@epfl.ch)
PROJECT_INFO: CalMex Dates of study: 5/1/10 - 7/15/10
STIPULATIONS_ON_USE: Use of these data require prior ok from PI.
OTHER_COMMENTS: N/A
REVISION: A
RA: Preliminary Data.  For in-field use only.
[from data line 1875]
2615400.00000005,2616300,135.8038008,299.2961088
2617199.99999995,2618100.00000005,128.7334728,274.9653072
2618100.00000005,2619000,128.4077232,223.6989816
2619000,2619899.99999995,121.8161232,242.1234288
2619899.99999995,2620800.00000005,116.6321664,244.4716872
2620800.00000005,2621700,118.9692288,272.2599216
2621700,2622599.99999995,122.9085864,257.2260048
2622599.99999995,2623500.00000005,142.6907592,299.8368072
2623500.00000005,2624400,152.4501,325.2278952
2624400,2625299.99999995,174.6030024,362.5095168
2625299.99999995,2626200.00000005,181.2336264,463.6468368
2626200.00000005,2627100,242.6526072,817.766352
2627100,2627999.99999995,246.6645048,883.659816
2627999.99999995,2628900.00000005,271.1049984,993.599568
2628900.00000005,2629800,277.567812,964.55736
2629800,2630699.99999995,182.3896296,437.1771384
2630699.99999995,2631600.00000005,175.7264544,335.0591136
2631600.00000005,2632500,135.0731304,278.2666656
2632500,2633399.99999995,296.870328,1327.514112
2633399.99999995,2634300.00000005,503.1086976,3658.000392
2634300.00000005,2635200,1488.964824,12685.97016
2635200,2636099.99999995,517.00932,3517.792848
2636099.99999995,2637000.00000005,335.2214664,1599.864696
2637000.00000005,2637900,592.6807512,4546.342512
2637900,2638799.99999995,408.7910736,2436.275376
2638799.99999995,2639700.00000005,244.9088712,853.368624
2639700.00000005,2640600,235.427796,834.435432
2640600,2641499.99999995,228.0132216,721.471752
2641499.99999995,2642400.00000005,282.4166448,621.28674
2642400.00000005,2643300,225.6356088,438.1976304
2643300,2644199.99999995,133.813332,300.1094064
2644199.99999995,2645100.00000005,195.1628688,395.9976312
2645100.00000005,2646000,260.1081864,538.3668168
2646000,2646899.99999995,277.8734736,567.6947856
2646899.99999995,2647800.00000005,333.0559584,688.4286552
2647800.00000005,2648700,384.2977032,897.837048
2648700,2649599.99999995,514.4890248,1112.795064
2649599.99999995,2650500.00000005,422.7860088,893.325816
2650500.00000005,2651400,291.6518544,591.8050008
2651400,2652299.99999995,612.0532152,1219.369104
2652299.99999995,2653200.00000005,558.5637672,1236.85704
2653200.00000005,2654100,630.0680472,1453.54644
2654100,2654999.99999995,548.2749744,1085.839632
2654999.99999995,2655900.00000005,460.6551936,868.013496
2655900.00000005,2656800,542.884356,1158.92208
2656800,2657699.99999995,803.42676,1829.994624
2657699.99999995,2658600.00000005,674.2085688,1440.60588
2658600.00000005,2659500,1060.734024,2429.897832
2659500,2660399.99999995,690.7372992,1504.077192
2660399.99999995,2661300.00000005,296.1489384,528.4055448
2661300.00000005,2662200,282.7141704,530.9842104
2662200,2663099.99999995,249.97194,466.9723296
2663099.99999995,2664000.00000005,262.3430808,430.2811872
2664000.00000005,2664900,223.5238632,387.3713688
2666700.00000005,2667600,263.7970848,560.0455488
2667600,2668499.99999995,461.7271512,1007.042832
2668499.99999995,2669400.00000005,503.814708,1107.181728
2669400.00000005,2670300,697.2803424,1624.43628
2670300,2671199.99999995,426.295692,961.380792
2671199.99999995,2672100.00000005,375.0788376,747.816408
2672100.00000005,2673000,641.371608,1466.567424
2673000,2673899.99999995,698.6370816,1698.839928
2673899.99999995,2674800.00000005,634.58604,1497.906072
2674800.00000005,2675700,435.9221208,921.614472
2675700,2676599.99999995,512.374464,1144.460952
2676599.99999995,2677500.00000005,257.4816984,476.5823136
2677500.00000005,2678400,224.89362,379.8285336
2678400,2679299.99999995,232.6031568,366.5555784
2679299.99999995,2680200.00000005,230.3390088,419.9746392
2680200.00000005,2681100,221.751,382.9325544
2681100,2681999.99999995,257.1309936,406.4613552
2681999.99999995,2682900.00000005,241.4307744,462.0324672
2682900.00000005,2683800,249.5829384,485.0853192
2683800,2684699.99999995,205.823484,382.2499224
2684699.99999995,2685600.00000005,221.9703984,351.1107216
2685600.00000005,2686500,251.9916768,384.917508
2686500,2687399.99999995,297.8350632,482.1880536
2687399.99999995,2688300.00000005,241.0813728,387.98046
2688300.00000005,2689200,323.4460176,562.8317544
2689200,2690099.99999995,230.7712536,376.0353
2690099.99999995,2691000.00000005,267.6013272,613.8525672
2691000.00000005,2691900,312.2395848,862.97112
2691900,2692799.99999995,183.9485736,381.3071904
2692799.99999995,2693700.00000005,167.2411824,374.178888
2693700.00000005,2694600,202.109472,475.728264
2694600,2695499.99999995,216.0620568,502.6849704
2695499.99999995,2696400.00000005,205.6580712,437.7641472
2696400.00000005,2697300,239.9852664,626.5559952
2697300,2698199.99999995,260.66394,783.526176
2698199.99999995,2699100.00000005,240.0311304,806.349312
2699100.00000005,2700000,198.5998896,449.7854544
2700000,2700899.99999995,220.0651272,468.4423392
2700899.99999995,2701800.00000005,233.662464,525.4849296
2701800.00000005,2702700,188.9921016,402.1216128
2740599.99999996,2741500.00000006,163.68669,420.83046
2741500.00000006,2742400.00000001,181.704513,495.32811
2742400.00000001,2743299.99999996,2071.44858,6314.2383
2743299.99999996,2744200.00000006,1792.6395,5315.6076
2744200.00000006,2745100.00000001,2149.78044,6419.9217
2745100.00000001,2745999.99999996,1912.18335,5884.773
2745999.99999996,2746900.00000006,1301.27769,3698.5974
2746900.00000006,2747800.00000001,952.24944,2474.00757
2747800.00000001,2748699.99999996,1027.08126,2866.7949
2748699.99999996,2749600.00000006,517.18752,1349.76438
2749600.00000006,2750500.00000001,290.96961,2251.08513
2750500.00000001,2751399.99999996,3.0156645,14.5688448
2752300.00000006,2753200.00000001,0.038251443,0.94791804
2753200.00000001,2754099.99999996,964.7109,2780.27748
2754099.99999996,2755000.00000006,830.906721,2351.25792
2755000.00000006,2755900.00000001,883.980306,2467.19646
2755900.00000001,2756799.99999996,814.491432,2292.07887
2756799.99999996,2757700.00000006,637.12566,1836.74205
2757700.00000006,2758600.00000001,428.20686,1208.33055
2758600.00000001,2759499.99999996,274.978026,772.202907
2759499.99999996,2760400.00000006,1260.842655,3954.3411
2760400.00000006,2761300.00000001,1545.8838,4718.45655
2761300.00000001,2762199.99999996,1027.74861,3212.46075
2762199.99999996,2763100.00000006,760.463265,1929.25905
2763100.00000006,2764000.00000001,844.28265,2128.69575
2764000.00000001,2764899.99999996,669.17217,1822.5366
2764899.99999996,2765800.00000006,683.79714,1851.24165
2765800.00000006,2766700.00000001,598.273845,1732.50735
2766700.00000001,2767599.99999996,647.941665,1672.4664
2767599.99999996,2768500.00000006,552.573255,1431.45018
2768500.00000006,2769400.00000001,734.790795,2101.5048
2769400.00000001,2770299.99999996,926.01678,3113.9394
2770299.99999996,2771200.00000006,1407.72243,3949.46565
2771200.00000006,2772100.00000001,1054.078815,2947.5123
2772100.00000001,2772999.99999996,653.85504,2119.29495
2772999.99999996,2773900.00000006,563.04345,1668.41685
2773900.00000006,2774800.00000001,462.149085,1409.70054
2774800.00000001,2775699.99999996,440.92752,1387.41861
2775699.99999996,2776600.00000006,600.91038,2194.78785
2776600.00000006,2777500.00000001,620.005635,1802.68635
2777500.00000001,2778399.99999996,807.77571,2817.033
2778399.99999996,2779300.00000006,981.091125,3406.60455
2779300.00000006,2780200.00000001,1422.752805,6291.8529
2780200.00000001,2781099.99999996,1164.92043,5267.7921
2781099.99999996,2782000.00000006,506.46537,1758.6957
2782000.00000006,2782900.00000001,537.36498,1878.312
2782900.00000001,2783799.99999996,550.795125,1958.06145
2783799.99999996,2784700.00000006,591.604035,2433.3996
2784700.00000006,2785600.00000001,1097.80863,5880.54255
2785600.00000001,2786499.99999996,1439.612535,10119.033
2786499.99999996,2787400.00000006,703.47354,3279.6612
2787400.00000006,2788300.00000001,702.65994,2819.6076
2788300.00000001,2789199.99999996,828.72012,3890.9724
2789999.99999995,2790900.00000005,249.734955,786.215115
2790059.99999999,2790959.99999993,210.038715,673.90344
2790120.00000002,2791019.99999997,240.80163,884.882205
2790180.00000006,2791080.00000001,241.306995,1092.10653
2790239.99999994,2791140.00000005,214.58997,855.59757
2790299.99999998,2791199.99999993,214.755,1145.856285
2790360.00000002,2791259.99999997,200.404605,685.166925
2790420.00000006,2791320.00000001,180.666435,528.082575
2790479.99999994,2791380.00000005,200.728155,933.60858
2790539.99999998,2791439.99999993,224.14041,964.931415
2790600.00000002,2791499.99999997,175.6818,675.62685
2790660.00000006,2791560,191.825265,647.19207
2790719.99999994,2791620.00000004,172.38237,681.889695
2790779.99999998,2791679.99999992,166.811535,609.28359
2790840.00000001,2791739.99999996,192.333585,761.923095
2790900.00000005,2791800,189.554985,891.84615
2790959.99999993,2791860.00000004,148.9150815,1121.220225
2791019.99999997,2791920.00000008,189.646935,670.769055
2791080.00000001,2791979.99999996,151.900665,504.44706
2791140.00000005,2792040,155.156595,669.939705
2791199.99999993,2792100.00000003,210.227145,918.49644
2791259.99999997,2792160.00000007,215.620245,695.18616
2791320.00000001,2792219.99999995,197.473185,861.82422
2791380.00000005,2792279.99999999,195.169755,1071.484995
2791439.99999993,2792340.00000003,178.47141,660.99465
2791499.99999997,2792400.00000007,217.704645,858.93495
2791560,2792459.99999995,252.19425,1043.33847
2791620.00000004,2792519.99999999,261.5463,1262.260155
2791679.99999992,2792580.00000003,235.017585,904.374435
2791739.99999996,2792640.00000007,216.12522,914.74728
2791800,2792699.99999995,209.503695,807.446115
2791860.00000004,2792759.99999999,198.14181,941.06226
2791920.00000008,2792820.00000002,191.98035,742.47873
2791979.99999996,2792880.00000006,192.55293,942.142515
2792040,2792939.99999994,254.90973,1241.668515
2792100.00000003,2792999.99999998,238.864245,1030.59954
2792160.00000007,2793060.00000002,218.250135,834.621195
2792219.99999995,2793120.00000006,137.8413585,339.383265
2792279.99999999,2793179.99999994,232.91049,1041.8478
2792340.00000003,2793239.99999998,203.409435,829.751085
2792400.00000007,2793300.00000002,192.574185,917.61189
2792459.99999995,2793360.00000006,192.59307,1080.034305
2792519.99999999,2793419.99999994,192.06615,592.353945
2792580.00000003,2793479.99999998,189.475605,872.981565
2792640.00000007,2793540.00000001,215.957385,888.340395
2792699.99999995,2793600.00000005,180.518205,1140.635415
2792759.99999999,2793659.99999993,240.573555,840.941685
2792820.00000002,2793719.99999997,186.584775,1069.17615
2792880.00000006,2793780.00000001,192.18888,763.684275
2792939.99999994,2793840.00000005,163.49337,904.18332
2792999.99999998,2793899.99999993,204.29724,569.79168
2793060.00000002,2793959.99999997,195.56622,798.882585
2793120.00000006,2794020.00000001,234.840825,1028.557275
2793179.99999994,2794080.00000005,189.33558,556.63644
2793239.99999998,2794139.99999993,231.980835,1080.06849
2793300.00000002,2794199.99999997,149.154165,558.16509
2793360.00000006,2794260,138.0240165,657.85074
2793419.99999994,2794320.00000004,162.9369,856.59942
2793479.99999998,2794379.99999992,206.515275,1092.9393
2793540.00000001,2794439.99999996,221.248755,1033.89537
2793600.00000005,2794500,195.52092,1014.276405
2793659.99999993,2794560.00000004,186.64218,837.35289
2793719.99999997,2794620.00000008,167.08542,617.277285
2793780.00000001,2794679.99999996,161.488845,783.099105
2793840.00000005,2794740,161.137455,608.01465
2793899.99999993,2794800.00000003,192.695775,948.466725
2793959.99999997,2794860.00000007,152.565765,693.84534
2794020.00000001,2794919.99999995,103.7819805,633.804555
2794080.00000005,2794979.99999999,103.297431,583.482135
2794139.99999993,2795040.00000003,120.4301925,681.616695
2794199.99999997,2795100.00000007,120.6856995,702.098175
2794260,2795159.99999995,109.5336285,505.68627
2794320.00000004,2795219.99999999,57.398853,208.89408
2794379.99999992,2795280.00000003,108.451938,468.696105
2794439.99999996,2795340.00000007,172.03167,602.860515
2794500,2795399.99999995,139.9019295,569.669655
2794560.00000004,2795459.99999999,123.1514895,507.71742
2794620.00000008,2795520.00000002,83.005992,327.442005
2794679.99999996,2795580.00000006,131.8228035,762.08217
2794740,2795639.99999994,151.966305,719.53404
2794800.00000003,2795699.99999998,152.50311,576.634605
2794860.00000007,2795760.00000002,143.119302,734.00331
2794919.99999995,2795820.00000006,106.3002345,478.442505
2794979.99999999,2795879.99999994,158.100135,996.174645
2795040.00000003,2795939.99999998,183.57003,1531.78425
2795100.00000007,2796000.00000002,186.704955,1731.29325
2795159.99999995,2796060.00000006,249.389655,2457.8925
2795219.99999999,2796119.99999994,310.01022,2235.82785
2795280.00000003,2796179.99999998,292.44678,1743.84345
2795340.00000007,2796240.00000001,300.87003,3184.16355
2795399.99999995,2796300.00000005,298.961955,2777.88045
2795459.99999999,2796359.99999993,286.736295,2890.60365
2795520.00000002,2796419.99999997,215.104665,2459.9664
2795580.00000006,2796480.00000001,273.039405,3885.2814
2795639.99999994,2796540.00000005,295.003605,3002.03355
2795699.99999998,2796599.99999993,237.760515,2907.88245
2795760.00000002,2796659.99999997,221.76156,2314.22475
2795820.00000006,2796720.00000001,304.45161,3014.0304
2795879.99999994,2796780.00000005,301.44321,2900.98545
2795939.99999998,2796839.99999993,351.886935,4072.2957
2796000.00000002,2796899.99999997,282.268875,3658.7949
2796060.00000006,2796960,291.68856,4086.2847
2796119.99999994,2797020.00000004,250.167615,2823.1284
2796179.99999998,2797079.99999992,278.15949,3285.70095
2796240.00000001,2797139.99999996,301.382235,4913.85105
2796300.00000005,2797200,314.67816,3815.99895
2796359.99999993,2797260.00000004,283.05243,2825.4141
2796419.99999997,2797320.00000008,201.03024,2221.51065
2796480.00000001,2797379.99999996,237.609195,2321.76285
2796540.00000005,2797440,211.77153,2737.71825
2796599.99999993,2797500.00000003,189.33477,1730.85225
2796659.99999997,2797560.00000007,137.520888,1646.9859
2796720.00000001,2797619.99999995,149.6080935,727.991295
2796780.00000005,2797679.99999999,120.7666035,1355.489445
2796839.99999993,2797740.00000003,117.533871,513.87126
2796899.99999997,2797800.00000007,125.974416,430.54365
2796960,2797859.99999995,143.9319855,835.193325
2797020.00000004,2797919.99999999,212.4702,1067.424135
2797079.99999992,2797980.00000003,162.89862,492.62055
2797139.99999996,2798040.00000007,123.148674,572.62395
2797200,2798099.99999995,83.3837715,766.76295
2797260.00000004,2798159.99999999,125.8196085,479.539845
2797320.00000008,2798220.00000002,83.322144,580.745205
2797379.99999996,2798280.00000006,77.361801,612.087105
2797440,2798339.99999994,91.613925,577.096005
2797500.00000003,2798399.99999998,71.831337,236.081865
2797560.00000007,2798460.00000002,69.0331215,492.61401
2797619.99999995,2798520.00000006,80.2964775,516.121275
2797679.99999999,2798579.99999994,74.664978,317.63517
2797740.00000003,2798639.99999998,109.125057,301.46856
2797800.00000007,2798700.00000002,63.0592965,272.452485
2797859.99999995,2798760.00000006,88.89699,233.97009
2797919.99999999,2798819.99999994,91.5760785,426.39738
2797980.00000003,2798879.99999998,66.134289,158.72205
2798040.00000007,2798940.00000001,74.7728925,271.52922
2798099.99999995,2799000.00000005,83.085108,406.04904
2798159.99999999,2799059.99999993,88.831365,242.710185
2798220.00000002,2799119.99999997,105.9980745,345.208815
2798280.00000006,2799180.00000001,106.2478695,336.108405
2798339.99999994,2799240.00000005,123.705411,312.11772
2798399.99999998,2799299.99999993,105.941016,349.333875
2798460.00000002,2799359.99999997,103.4977995,749.465415
2798520.00000006,2799420.00000001,149.472159,628.313835
2798579.99999994,2799480.00000005,143.3493105,427.094505
2798639.99999998,2799539.99999993,109.0610055,476.85867
2798700.00000002,2799599.99999997,97.0021515,480.24966
2798760.00000006,2799660,97.57137,281.840805
2798819.99999994,2799720.00000004,97.1703525,429.49173
2798879.99999998,2799779.99999992,100.30599,297.318615
2798940.00000001,2799839.99999996,114.1158705,230.637645
2799000.00000005,2799900,85.95972,228.07893
