inst/example_files/data/SP2timeseries_CalMexParqueMorelos_20100515_R0.ict
33, 1001
Russell, Lynn
Scripps Institution of Oceanography/University of California San Diego
DMT Single Particle Soot Photometer (SP2)
CalMex 2010
1, 1
2010, 05, 15, 2010, 06, 30
0
Start_time_UTC 
3
1, 1, 1
-9999, -9999, -9999
End_time_UTC, Nconc (number per cubic centimeter), Mconc (nanograms per cubic meter)
2
Processed with DMT PAPI software
18
PI_CONTACT_INFO: lmrussell@ucsd.ed, satoshi.takahama@epfl.ch
PLATFORM: Parque Morelos ground site
LOCATION: Tijuana, Mexico
ASSOCIATED_DATA: N/A
INSTRUMENT_INFO: N/A
DATA_INFO: Units: ug/m3
UNCERTAINTY: N/A
ULOD_FLAG: -7777
ULOD_VALUE: N/A
LLOD_FLAG: -8888
LLOD_VALUE: N/A
DM_CONTACT_INFO: Data Manager: Lynn M. Russell (lmrussell@ucsd.edu); Satoshi Takahama (satoshi.takahama@epfl.ch)
PROJECT_INFO: CalMex Dates of study: 5/1/10 - 7/15/10
STIPULATIONS_ON_USE: Use of these data require prior ok from PI.
OTHER_COMMENTS: N/A
REVISION: A
RA: Preliminary Data.  For in-field use only.
[from data line 3665]
3073230.00000001,3074129.99999996,313.47066,1938.81615
3074129.99999996,3075030.00000006,338.98773,2217.4704
3075030.00000006,3075930.00000001,293.461188,1581.381
3075930.00000001,3076829.99999996,397.23969,1686.21036
3076829.99999996,3077730.00000006,473.75043,1841.43174
3077730.00000006,3078630.00000001,403.00914,1530.56043
3078630.00000001,3079529.99999996,485.43462,1789.25673
3079529.99999996,3080430.00000006,461.37429,1516.11489
3080430.00000006,3081330.00000001,384.80454,1208.55468
3081330.00000001,3082229.99999996,390.76278,1231.14498
3082229.99999996,3083130.00000006,346.1571,1027.89321
3083130.00000006,3084030.00000001,366.88362,1099.06173
3084030.00000001,3084929.99999996,436.51677,1339.05339
3084929.99999996,3085830.00000006,390.68955,1173.27243
3085830.00000006,3086730.00000001,475.32468,1513.83567
3086730.00000001,3087629.99999996,456.65193,1458.89946
3087629.99999996,3088530.00000006,317.81811,927.79695
3088530.00000006,3089430.00000001,313.95459,906.9414
3089430.00000001,3090329.99999996,69.980055,195.000687
3104730.00000006,3105630.00000001,39.725214,110.337159
3105630.00000001,3106529.99999996,115.677975,310.37943
3106529.99999996,3107430.00000006,115.94121,308.69436
3107430.00000006,3108330.00000001,114.433944,353.18709
3108330.00000001,3109229.99999996,113.865108,272.700978
3109229.99999996,3110130.00000006,105.303483,256.365336
3110130.00000006,3111030.00000001,93.470205,237.810474
3111030.00000001,3111929.99999996,103.826373,253.519878
3111929.99999996,3112830.00000006,108.68703,260.944089
3112830.00000006,3113730.00000001,95.323062,226.412487
3113730.00000001,3114629.99999996,83.548716,206.076837
3114629.99999996,3115530.00000006,112.524411,236.979345
3115530.00000006,3116430.00000001,95.918949,221.575569
3116430.00000001,3117329.99999996,118.374165,255.183477
3117329.99999996,3118230.00000006,119.976948,273.085872
3118230.00000006,3119130.00000001,100.833429,222.041403
3119130.00000001,3120029.99999996,106.340388,232.033038
3120029.99999996,3120930.00000006,101.5074,250.580178
3120930.00000006,3121830.00000001,168.253626,394.49538
3121830.00000001,3122729.99999996,195.682998,673.52451
3122729.99999996,3123630.00000006,173.325249,508.33959
3123630.00000006,3124530.00000001,141.0876,408.4185
3124530.00000001,3125429.99999996,153.552891,533.68743
3125429.99999996,3126330.00000006,92.95905,211.028451
3126330.00000006,3127230.00000001,80.229099,178.417653
3127230.00000001,3128129.99999996,70.467009,166.626792
3128129.99999996,3129030.00000006,73.93479,184.779366
3129030.00000006,3129930.00000001,57.415659,145.632504
3129930.00000001,3130829.99999996,62.463426,199.917999
3130829.99999996,3131730.00000006,48.947553,131.257611
3131730.00000006,3132630.00000001,75.480717,213.434901
3132630.00000001,3133529.99999996,83.076345,198.336525
3133529.99999996,3134430.00000006,68.129082,184.199367
3134430.00000006,3135330.00000001,83.404698,225.97362
3394789.99999997,3395690.00000007,109.194138,117.516366
3395690.00000007,3396590.00000002,320.84784,350.649945
3396590.00000002,3397489.99999997,290.286837,334.254051
3397489.99999997,3398390.00000007,274.126716,305.24004
3398390.00000007,3399290.00000002,269.603847,313.226136
3399290.00000002,3400189.99999997,262.974654,296.716689
3400189.99999997,3401090.00000007,286.443117,346.393647
3401090.00000007,3401990.00000002,355.620771,382.116033
3401990.00000002,3402889.99999997,392.792427,366.456015
3402889.99999997,3403790.00000007,313.585596,357.842709
3403790.00000007,3404690.00000002,291.477393,374.158548
3404690.00000002,3405589.99999997,338.736366,389.942847
3405589.99999997,3406490.00000007,393.105969,463.476447
3406490.00000007,3407390.00000002,412.530444,451.066275
3407390.00000002,3408289.99999997,419.269698,498.568068
3408289.99999997,3409190.00000007,416.219706,549.336186
3409190.00000007,3410090.00000002,415.486062,519.927462
3410090.00000002,3410989.99999997,413.422479,548.92665
3410989.99999997,3411890.00000007,409.936122,597.997944
3411890.00000007,3412790.00000002,403.797816,585.226683
3412790.00000002,3413689.99999997,393.453072,599.587056
3413689.99999997,3414590.00000007,440.093376,738.842841
3414590.00000007,3415490.00000002,465.984423,764.253873
3415490.00000002,3416389.99999997,494.433648,794.941263
3416389.99999997,3417290.00000007,559.064115,910.70685
3417290.00000007,3418190.00000002,515.415348,839.488248
3418190.00000002,3419089.99999997,559.579995,894.691458
3419089.99999997,3419990.00000007,548.713233,976.76883
3419990.00000007,3420890.00000002,763.028298,1249.85466
3420890.00000002,3421789.99999997,774.93456,1199.65311
3421789.99999997,3422690.00000007,895.239486,1435.47624
3422690.00000007,3423590.00000002,935.63451,1493.79354
3423590.00000002,3424489.99999997,986.30811,1617.10029
3424489.99999997,3425390.00000007,962.09235,1628.15904
3425390.00000007,3426290.00000002,883.539819,1487.76633
3426290.00000002,3427189.99999997,966.31578,1477.54341
3427189.99999997,3428090.00000007,874.17612,1335.60936
3428090.00000007,3428990.00000002,1126.95525,1672.31124
3428990.00000002,3429889.99999997,1016.10396,1446.5214
3429889.99999997,3430790.00000007,862.068672,1202.77467
3430790.00000007,3431690.00000002,989.92548,1331.62506
3431690.00000002,3432589.99999997,1095.22305,1541.9502
3432589.99999997,3433490.00000007,1021.47912,1456.15131
3433490.00000007,3434390.00000002,800.546868,1037.67849
3434390.00000002,3435289.99999997,697.723074,870.512607
3435289.99999997,3436190.00000007,691.580943,899.999658
3436190.00000007,3437090.00000002,997.51059,1395.61785
3437090.00000002,3437989.99999997,1137.85452,1655.68167
3437989.99999997,3438890.00000007,898.22511,1190.32209
3438890.00000007,3439790.00000002,600.888375,675.357228
3439790.00000002,3440689.99999997,676.787895,755.630811
3440689.99999997,3441590.00000007,540.913113,574.770825
3441590.00000007,3442490.00000002,487.031652,566.217414
3442490.00000002,3443389.99999997,456.471891,540.91062
3443389.99999997,3444290.00000007,747.559809,1053.42498
3444290.00000007,3445190.00000002,939.98808,1382.59368
3445190.00000002,3446089.99999997,812.417589,1117.40688
3446089.99999997,3446990.00000007,454.645242,511.428294
3446990.00000007,3447890.00000002,963.90549,1385.08092
3447890.00000002,3448789.99999997,683.608815,860.070186
3448789.99999997,3449690.00000007,700.870572,944.67996
3449690.00000007,3450590.00000002,491.737401,498.435849
3450590.00000002,3451489.99999997,542.539125,589.032072
3451489.99999997,3452390.00000007,581.181696,646.019739
3452390.00000007,3453290.00000002,1044.92331,1525.17699
3453290.00000002,3454189.99999997,565.650333,590.807133
3454189.99999997,3455090.00000007,184.906251,218.258946
3455090.00000007,3455990.00000002,117.388974,756.05805
3455990.00000002,3456889.99999997,589.85973,667.50642
3456889.99999997,3457790.00000007,507.401586,585.054549
3457790.00000007,3458690.00000002,656.186598,877.420611
3458690.00000002,3459589.99999997,571.733019,844.979355
3459589.99999997,3460490.00000007,497.807865,744.799572
3460490.00000007,3461390.00000002,498.24225,701.102961
3461390.00000002,3462289.99999997,476.569107,529.300044
3462289.99999997,3463190.00000007,493.578432,535.84335
3463190.00000007,3464090.00000002,452.886057,556.211061
3464090.00000002,3464989.99999997,425.680389,466.908003
3464989.99999997,3465890.00000007,438.278922,457.316334
3465890.00000007,3466790.00000002,420.861816,463.299075
3466790.00000002,3467689.99999997,430.928253,427.620465
3467689.99999997,3468590.00000007,373.407273,412.818579
3468590.00000007,3469490.00000002,369.637974,443.875032
3469490.00000002,3470389.99999997,585.655578,1015.19172
3470389.99999997,3471290.00000007,646.335036,1431.48564
3471290.00000007,3472190.00000002,689.023575,2857.9437
3472190.00000002,3473089.99999997,668.696508,2753.57754
3473089.99999997,3473990.00000007,323.157546,712.900512
3473990.00000007,3474890.00000002,306.440901,557.552637
3474890.00000002,3475789.99999997,340.646211,502.259562
3475789.99999997,3476690.00000007,349.663221,435.181329
3476690.00000007,3477590.00000002,314.273358,434.869767
3477590.00000002,3478489.99999997,309.430746,408.730761
3478489.99999997,3479390.00000007,349.746498,450.575109
3479390.00000007,3480290.00000002,350.631108,506.802276
3480290.00000002,3481189.99999997,374.197167,526.727439
3481199.99999995,3482100.00000005,358.538625,568.07586
3482100.00000005,3483000,343.172268,491.826627
3483000,3483899.99999995,426.155292,557.446464
3483899.99999995,3484800.00000005,304.489386,394.566246
3484800.00000005,3485700,340.077087,360.791442
3485700,3486599.99999995,264.134421,294.137091
3486599.99999995,3487500.00000005,290.667897,331.373403
3487500.00000005,3488400,245.733345,282.165732
3488400,3489299.99999995,245.475207,277.761474
3489299.99999995,3490200.00000005,221.655969,228.157173
3490200.00000005,3491100,202.084794,223.930377
3491100,3491999.99999995,201.950748,236.885211
3491999.99999995,3492900.00000005,202.236948,257.092695
3492900.00000005,3493800,204.75477,258.956982
3493800,3494699.99999995,214.756776,285.07914
3494699.99999995,3495600.00000005,287.337645,486.184626
3495600.00000005,3496500,391.229757,1038.51189
3496500,3497399.99999995,395.607591,1645.7463
3497399.99999995,3498300.00000005,276.527313,569.487222
3498300.00000005,3499200,304.725231,432.859401
3499200,3500099.99999995,346.063023,499.135707
3500099.99999995,3501000.00000005,265.60809,339.519231
3501000.00000005,3501900,313.109235,390.723354
3501900,3502799.99999995,430.950906,508.287753
3502799.99999995,3503700.00000005,396.293292,479.578626
3503700.00000005,3504600,367.119486,454.98942
3504600,3505499.99999995,321.794766,441.030177
3505499.99999995,3506400.00000005,375.139332,518.098023
3506400.00000005,3507300,369.180882,445.099536
3507300,3508199.99999995,398.884824,597.433266
3508199.99999995,3509100.00000005,518.932431,731.558736
3509100.00000005,3510000,577.500372,886.618053
3510000,3510899.99999995,688.998897,969.50502
3510899.99999995,3511800.00000005,750.546288,1051.82865
3511800.00000005,3512700,715.126959,998.0478
3512700,3513599.99999995,605.366811,886.118778
3513599.99999995,3514500.00000005,936.32787,1270.37871
3514500.00000005,3515400,781.094286,981.58716
3515400,3516299.99999995,755.485497,910.1088
3516299.99999995,3517200.00000005,761.96331,906.61401
3517200.00000005,3518100,829.304955,952.08534
3518100,3518999.99999995,821.87991,919.26621
3518999.99999995,3519900.00000005,693.658008,824.111253
3519900.00000005,3520800,775.041507,917.53308
3520800,3521699.99999995,769.227507,873.396351
3521699.99999995,3522600.00000005,862.660989,1031.45445
3522600.00000005,3523500,861.228729,1013.02938
3523500,3524399.99999995,846.388431,1093.42404
3524399.99999995,3525300.00000005,756.103563,1003.54743
3525300.00000005,3526200,821.744811,1228.2372
3526200,3527099.99999995,733.859937,1109.71854
3527099.99999995,3528000.00000005,485.124066,690.575607
3528000.00000005,3528900,415.362078,519.271461
3528900,3529799.99999995,401.389749,522.766611
3529799.99999995,3530700.00000005,417.422358,593.602641
3530700.00000005,3531600,378.366606,526.501755
3531600,3532499.99999995,350.665164,467.705151
3532499.99999995,3533400.00000005,382.405113,460.837287
3533400.00000005,3534300,409.460877,503.450505
3534300,3535199.99999995,433.877049,534.333114
3535199.99999995,3536100.00000005,412.086312,550.768743
3536100.00000005,3537000,446.139468,571.120794
3537000,3537899.99999995,394.241292,514.282293
3537899.99999995,3538800.00000005,446.798817,585.942417
3538800.00000005,3539700,472.571496,653.434569
3539700,3540599.99999995,482.640165,695.662749
3540599.99999995,3541500.00000005,451.375992,615.839994
3541500.00000005,3542400,444.782871,599.532084
3542400,3543299.99999995,409.45581,576.037521
3543299.99999995,3544200.00000005,441.577692,534.300624
3544200.00000005,3545100,490.545774,613.410813
3545100,3545999.99999995,493.006239,575.040807
3545999.99999995,3546900.00000005,522.370206,653.317452
3546900.00000005,3547800,577.024137,701.151714
3547800,3548699.99999995,630.053514,820.530135
3548699.99999995,3549600.00000005,515.650131,676.201374
3549600.00000005,3550500,486.628164,618.734637
3550500,3551399.99999995,627.886377,965.24919
3551399.99999995,3552300.00000005,515.80746,649.088487
3552300.00000005,3553200,451.103607,540.373923
3553200,3554099.99999995,425.14326,524.695491
3554099.99999995,3555000.00000005,477.092718,537.237153
3555000.00000005,3555900,473.212782,505.829862
3555900,3556799.99999995,417.26619,480.225834
3556799.99999995,3557700.00000005,410.359572,461.324889
3557700.00000005,3558600,438.768279,509.17653
3558600,3559499.99999995,408.352329,438.463071
3559499.99999995,3560400.00000005,391.668696,486.077688
3560400.00000005,3561300,416.533329,611.316594
3561300,3562199.99999995,632.754306,1678.27302
3562199.99999995,3563100.00000005,828.334206,3018.24648
3563100.00000005,3564000,703.864899,2301.92343
3564000,3564899.99999995,545.862537,1083.98889
3564899.99999995,3565800.00000005,499.789908,965.75004
3565800.00000005,3566700,542.939877,914.60322
3567599.99999995,3568500.00000005,506.253303,684.771048
3568500.00000005,3569400,434.286072,610.695774
3569400,3570299.99999995,416.022417,637.982172
3570299.99999995,3571200.00000005,442.067526,674.622648
3571200.00000005,3572100,449.642133,655.741566
3572100,3572999.99999995,512.285058,715.458267
3572999.99999995,3573900.00000005,428.062023,660.37509
3573900.00000005,3574800,478.708821,691.415163
3574800,3575699.99999995,400.221333,670.955229
3575699.99999995,3576600.00000005,315.451188,458.090874
3576600.00000005,3577500,356.152878,476.726562
3577500,3578399.99999995,375.871941,538.549506
3578399.99999995,3579300.00000005,359.774928,559.647549
3579300.00000005,3580200,446.507892,718.052544
3580200,3581099.99999995,541.725714,1199.26899
3581099.99999995,3582000.00000005,643.203981,1670.58396
3582000.00000005,3582900,567.242874,1309.6962
3582900,3583799.99999995,617.115609,1331.80947
3583799.99999995,3584700.00000005,555.924384,1318.41594
3584700.00000005,3585600,624.847581,1351.21689
3585600,3586499.99999995,568.458234,1214.61444
3586499.99999995,3587400.00000005,528.460191,1103.24313
3587400.00000005,3588300,452.371032,971.98245
3588300,3589199.99999995,443.598876,872.185023
3589199.99999995,3590100.00000005,607.925115,1248.59826
3590100.00000005,3591000,483.867585,969.88761
3591000,3591899.99999995,420.676029,883.379313
3591899.99999995,3592800.00000005,665.703081,1897.42419
3592800.00000005,3593700,682.933032,1487.60343
3593700,3594599.99999995,648.690318,1410.59313
3594599.99999995,3595500.00000005,875.748627,1708.64802
3595500.00000005,3596400,1181.03706,2156.43393
3596400,3597299.99999995,1532.75292,2992.17627
3597299.99999995,3598200.00000005,1546.74693,2755.00116
3598200.00000005,3599100,1441.84554,2466.08748
3599100,3599999.99999995,1589.20236,2637.06192
3599999.99999995,3600900.00000005,1889.36757,3221.48115
3600900.00000005,3601800,1708.71525,2845.55889
3601800,3602699.99999995,1548.20106,2562.49134
3602699.99999995,3603600.00000005,1381.55283,2108.90826
3603600.00000005,3604500,1173.59676,1849.90968
3604500,3605399.99999995,982.76733,1559.76642
3605399.99999995,3606300.00000005,912.67164,1547.48268
3606300.00000005,3607200,722.338713,1266.74973
3607200,3608099.99999995,746.133471,1185.44949
3608099.99999995,3609000.00000005,701.658495,1135.30302
3609000.00000005,3609900,715.69971,1102.02066
3609900,3610799.99999995,777.426822,1188.41445
3610799.99999995,3611700.00000005,637.287282,865.72188
3611700.00000005,3612600,583.989255,829.564758
3612600,3613499.99999995,454.370796,632.093454
3613499.99999995,3614400.00000005,444.582234,641.821113
3614400.00000005,3615300,384.84099,550.802394
3615300,3616199.99999995,371.627397,477.837252
3616199.99999995,3617100.00000005,387.56547,506.823093
3617100.00000005,3618000,420.6114,551.940462
3618000,3618899.99999995,445.309137,620.683038
3618899.99999995,3619800.00000005,440.909541,583.204725
3619800.00000005,3620700,501.307956,618.487488
