inst/example_files/data/SP2timeseries_CalMexParqueMorelos_20100515_R0.ict
33, 1001
Russell, Lynn
Scripps Institution of Oceanography/University of California San Diego
DMT Single Particle Soot Photometer (SP2)
CalMex 2010
1, 1
2010, 05, 15, 2010, 06, 30
0
Start_time_UTC 
3
1, 1, 1
-9999, -9999, -9999
End_time_UTC, Nconc (number per cubic centimeter), Mconc (nanograms per cubic meter)
2
Processed with DMT PAPI software
18
PI_CONTACT_INFO: lmrussell@ucsd.ed, satoshi.takahama@epfl.ch
PLATFORM: Parque Morelos ground site
LOCATION: Tijuana, Mexico
ASSOCIATED_DATA: N/A
INSTRUMENT_INFO: N/A
DATA_INFO: Units: ug/m3
UNCERTAINTY: N/A
ULOD_FLAG: -7777
ULOD_VALUE: N/A
LLOD_FLAG: -8888
LLOD_VALUE: N/A
DM_CONTACT_INFO: Data Manager: Lynn M. Russell (lmrussell@ucsd.edu); Satoshi Takahama (satoshi.takahama@epfl.ch)
PROJECT_INFO: CalMex Dates of study: 5/1/10 - 7/15/10
STIPULATIONS_ON_USE: Use of these data require prior ok from PI.
OTHER_COMMENTS: N/A
REVISION: A
RA: Preliminary Data.  For in-field use only.
[from data line 629]
1160100.00000005,1161000,37.785333,66.155679
1161000,1161899.99999995,56.538945,110.9144385
1161899.99999995,1162800.00000005,46.9019565,85.0553685
1162800.00000005,1163700,55.3567485,92.240211
1163700,1164599.99999995,72.137439,143.131506
1164599.99999995,1165500.00000005,99.4762845,183.096975
1165500.00000005,1166400,139.7110545,249.447495
1166400,1167299.99999995,145.3254735,286.764825
1167299.99999995,1168200.00000005,168.79317,351.3789
1168200.00000005,1169100,195.948675,372.82737
1169100,1169999.99999995,193.058685,355.382295
1169999.99999995,1170900.00000005,280.218945,502.54287
1170900.00000005,1171800,348.2547,772.24917
1171800,1172699.99999995,356.232615,729.35178
1172699.99999995,1173600.00000005,327.99804,750.534075
1173600.00000005,1174500,240.659685,599.66487
1174500,1175399.99999995,260.19687,546.72471
1175399.99999995,1176300.00000005,261.91089,543.172245
1176300.00000005,1177200,109.360581,189.19983
1177200,1178099.99999995,156.14955,307.11258
1178099.99999995,1179000.00000005,158.94729,361.57068
1179000.00000005,1179900,239.93223,516.73848
1179900,1180799.99999995,146.6212125,256.70544
1180799.99999995,1181700.00000005,140.2362765,232.30275
1181700.00000005,1182600,202.980855,399.624675
1182600,1183499.99999995,396.00048,666.70818
1183499.99999995,1184400.00000005,306.75741,514.204035
1184400.00000005,1185300,273.603195,417.432975
1185300,1186199.99999995,461.07177,825.97089
1186199.99999995,1187100.00000005,514.560585,1374.96915
1187100.00000005,1188000,386.08986,685.984185
1188000,1188899.99999995,263.11299,484.86972
1188899.99999995,1189800.00000005,295.094865,502.56375
1189800.00000005,1190700,420.11973,759.099195
1190700,1191599.99999995,245.37738,431.74506
1191599.99999995,1192500.00000005,276.48423,537.285555
1192500.00000005,1193400,268.76187,482.342115
1193400,1194299.99999995,269.36034,508.72275
1194299.99999995,1195200.00000005,260.226195,497.12055
1195200.00000005,1196100,272.17659,546.234405
1196100,1196999.99999995,196.332975,367.86801
1196999.99999995,1197900.00000005,237.06066,457.91538
1197900.00000005,1198800,235.67754,482.115525
1198800,1199699.99999995,213.38013,483.87912
1199699.99999995,1200600.00000005,264.74286,479.34927
1200600.00000005,1201500,260.816145,463.130205
1201500,1202399.99999995,252.20874,464.49837
1202399.99999995,1203300.00000005,208.007235,423.39696
1203300.00000005,1204200,494.57817,1207.743645
1204200,1205099.99999995,295.401885,644.290275
1205099.99999995,1206000.00000005,410.33013,943.438275
1206000.00000005,1206900,223.95744,458.59923
1206900,1207799.99999995,315.29685,600.036405
1207799.99999995,1208700.00000005,485.92443,1018.692405
1208700.00000005,1209600,513.577725,1067.11536
1209600,1210499.99999995,528.8823,994.295805
1210499.99999995,1211400.00000005,529.983615,908.952855
1211400.00000005,1212300,451.84647,931.591695
1212300,1213199.99999995,117.26988,212.176305
1213199.99999995,1214100.00000005,236.376,451.266855
1214100.00000005,1215000,166.17864,275.029065
1215000,1215899.99999995,242.24487,440.3439
1215899.99999995,1216800.00000005,255.02703,517.587345
1216800.00000005,1217700,221.63553,375.085005
1217700,1218599.99999995,281.585595,586.156935
1218599.99999995,1219500.00000005,270.122145,577.594905
1219500.00000005,1220400,233.539065,413.10039
1220400,1221299.99999995,350.34885,809.298345
1221299.99999995,1222200.00000005,405.96288,814.03899
1222200.00000005,1223100,376.50519,727.08156
1223100,1223999.99999995,363.97959,850.875015
1223999.99999995,1224900.00000005,432.40332,1290.222495
1224900.00000005,1225800,304.16748,589.63062
1225800,1226699.99999995,276.83751,519.90834
1226699.99999995,1227600.00000005,251.189655,444.33825
1227600.00000005,1228500,285.07116,488.38467
1228500,1229399.99999995,263.25891,508.658625
1229399.99999995,1230300.00000005,340.33875,685.327365
1230300.00000005,1231200,535.19247,1678.086
1231200,1232099.99999995,681.35268,2204.76615
1232099.99999995,1233000.00000005,678.51012,2154.9453
1233000.00000005,1233900,571.3617,1561.8963
1234799.99999995,1235700.00000005,604.537875,1552.293675
1235700.00000005,1236600,1031.4315,3353.502825
1236600,1237499.99999995,1310.658795,4625.9793
1237499.99999995,1238400.00000005,1356.46263,4820.86035
1238400.00000005,1239300,1399.677705,5390.001
1239300,1240199.99999995,1609.264485,6587.136
1240199.99999995,1241100.00000005,1625.8437,7023.99555
1241100.00000005,1242000,1607.134995,7010.523
1242000,1242899.99999995,1291.144095,5820.4143
1242899.99999995,1243800.00000005,1328.242185,6021.8748
1243800.00000005,1244700,1268.345655,5832.531
1244700,1245599.99999995,1289.68839,5904.97605
1245599.99999995,1246500.00000005,1308.29202,5929.28235
1246500.00000005,1247400,1317.829005,5801.8059
1247400,1248299.99999995,1321.97499,5667.8661
1248299.99999995,1249200.00000005,1295.36379,5586.22395
1249200.00000005,1250100,1187.93151,5033.2923
1250100,1250999.99999995,1099.20735,4571.2566
1250999.99999995,1251900.00000005,1093.45113,4487.0193
1251900.00000005,1252800,1080.271305,4459.67433
1252800,1253699.99999995,1111.75272,5020.3062
1253699.99999995,1254600.00000005,1282.66506,5753.0367
1254600.00000005,1255500,1314.739305,5171.7249
1255500,1256399.99999995,1393.859655,5463.25605
1256399.99999995,1257300.00000005,1429.1091,5151.3381
1257300.00000005,1258200,1322.60121,4251.72924
1258200,1259099.99999995,1327.591395,4159.278585
1259099.99999995,1260000.00000005,1291.345785,3814.265655
1260000.00000005,1260900,1361.925675,4175.821935
1260900,1261799.99999995,1237.037445,3595.826565
1261799.99999995,1262700.00000005,1421.269335,3834.4455
1262700.00000005,1263600,1719.08055,4476.852495
1263600,1264499.99999995,1647.64656,4231.9755
1264499.99999995,1265400.00000005,1616.519565,4401.471195
1265400.00000005,1266300,1787.752305,5060.16045
1266300,1267199.99999995,1739.62584,4966.551
1267199.99999995,1268100.00000005,1205.851725,3416.85999
1268100.00000005,1269000,1001.78739,2854.709145
1269000,1269899.99999995,718.61913,1835.23383
1269899.99999995,1270800.00000005,874.68381,2116.25469
1270800.00000005,1271700,877.367745,2309.37525
1271700,1272599.99999995,870.16104,2250.472905
1272599.99999995,1273500.00000005,479.122515,1207.83753
1273500.00000005,1274400,464.382405,1093.86594
1274400,1275299.99999995,678.28446,1855.446795
1275299.99999995,1276200.00000005,616.4154,1776.228345
1276200.00000005,1277100,620.523675,1631.67246
1277100,1277999.99999995,563.59656,1434.239235
1277999.99999995,1278900.00000005,450.046755,1137.831705
1290600,1291499.99999995,1.15447689,2.51895906
1298700,1299599.99999995,276.0765345,567.64287
1299599.99999995,1300500.00000005,340.6629465,746.347455
1300500.00000005,1301400,319.5153585,745.42347
1301400,1302299.99999995,394.5054825,819.451845
1302299.99999995,1303200.00000005,510.951645,1036.256895
1303200.00000005,1304100,357.515973,709.47315
1304100,1304999.99999995,429.651432,949.49298
1304999.99999995,1305900.00000005,330.706242,925.357635
1305900.00000005,1306800,464.256495,1169.485875
1306800,1307699.99999995,346.8738915,1110.646035
1307699.99999995,1308600.00000005,287.8468605,642.09501
1308600.00000005,1309500,320.2232895,631.768185
1309500,1310399.99999995,430.7898915,932.11182
1310399.99999995,1311300.00000005,552.33342,1303.67007
1311300.00000005,1312200,344.8880685,817.93134
1312200,1313099.99999995,309.724182,928.360935
1313099.99999995,1314000.00000005,546.742935,2237.551965
1314000.00000005,1314900,599.97168,2105.218035
1314900,1315799.99999995,695.523645,2527.030395
1315799.99999995,1316700.00000005,675.987795,2283.402915
1316700.00000005,1317600,589.416255,1890.52803
1317600,1318499.99999995,649.065195,2000.301885
1318499.99999995,1319400.00000005,1062.91701,3969.70263
1319400.00000005,1320300,1483.475805,5921.55
1321199.99999995,1322100.00000005,792.592515,2869.000605
1322100.00000005,1323000,1004.02497,4100.953905
1323000,1323899.99999995,1798.318215,8059.09455
1323899.99999995,1324800.00000005,4111.97319,41356.14795
1324800.00000005,1325700,4135.13136,41236.776
1325700,1326599.99999995,2863.543185,22916.53845
1326599.99999995,1327500.00000005,2177.772975,13293.73575
1327500.00000005,1328400,1713.34377,8202.9501
1328400,1329299.99999995,1358.60589,5457.816
1329299.99999995,1330200.00000005,1284.474465,5066.47665
1330200.00000005,1331100,1193.1723,4527.06255
1331100,1331999.99999995,1144.027395,4139.446905
1331999.99999995,1332900.00000005,1124.675145,4009.87278
1332900.00000005,1333800,1093.20102,3924.146115
1333800,1334699.99999995,1099.307025,3674.669265
1334699.99999995,1335600.00000005,1077.069375,3656.178225
1335600.00000005,1336500,1127.61981,3971.175165
1336500,1337399.99999995,1204.519635,4091.5908
1337399.99999995,1338300.00000005,1311.66594,4357.95948
1338300.00000005,1339200,1322.50644,4430.512485
1339200,1340099.99999995,1433.2356,4795.51455
1340099.99999995,1341000.00000005,1602.55629,5129.05815
1341000.00000005,1341900,1565.68428,4992.57
1341900,1342799.99999995,1523.94498,4928.80725
1342799.99999995,1343700.00000005,1491.875055,4784.6646
1343700.00000005,1344600,1538.99505,4935.61575
1344600,1345499.99999995,1641.321045,5208.51465
1345499.99999995,1346400.00000005,191.241504,602.62011
1385999.99999995,1386900.00000005,11.86735725,26.5300164
1386900.00000005,1387800,311.544927,661.83606
1387800,1388699.99999995,492.187005,1124.643645
1388699.99999995,1389600.00000005,348.426333,877.26609
1389600.00000005,1390500,413.1076545,847.76472
1390500,1391399.99999995,503.553105,1149.48774
1391399.99999995,1392300.00000005,698.77089,1567.76706
1392300.00000005,1393200,682.89624,1548.239535
1393200,1394099.99999995,829.44855,2036.384595
1394099.99999995,1395000.00000005,559.75005,1503.88533
1395000.00000005,1395900,463.75983,1490.59323
1395900,1396799.99999995,526.83822,1937.94588
1396799.99999995,1397700.00000005,607.0707,2149.254
1397700.00000005,1398600,521.56998,1829.195325
1398600,1399499.99999995,454.73526,1449.31761
1399499.99999995,1400400.00000005,444.817458,1494.542475
1400400.00000005,1401300,412.2323505,1317.918465
1401300,1402199.99999995,470.08629,1490.12874
1402199.99999995,1403100.00000005,494.71227,1520.30286
1403100.00000005,1404000,484.57332,1493.86203
1404000,1404899.99999995,397.2979845,1109.72007
1404899.99999995,1405800.00000005,1394.36433,10100.49795
1405800.00000005,1406700,2103.570945,18972.6552
1407599.99999995,1408500.00000005,295.781625,858.86979
1408500.00000005,1409400,372.8223,1102.94802
1409400,1410299.99999995,300.874155,800.938725
1410299.99999995,1411200.00000005,337.51785,962.91726
1411200.00000005,1412100,275.95371,777.02358
1412100,1412999.99999995,290.17203,858.617445
1412999.99999995,1413900.00000005,284.824935,777.2835
1413900.00000005,1414800,324.19296,949.901955
1414800,1415699.99999995,283.23534,733.279965
1415699.99999995,1416600.00000005,258.94422,773.20404
1416600.00000005,1417500,236.700585,624.96693
1417500,1418399.99999995,239.71047,682.62684
1418399.99999995,1419300.00000005,266.531175,750.64623
1419300.00000005,1420200,266.753175,855.93588
1420200,1421099.99999995,177.130305,552.220485
1439999.99999995,1440900.00000005,24477.537,66367.401
1440900.00000005,1441800,565.652595,1340.946
1441800,1442699.99999995,58.9107195,185.764005
1442699.99999995,1443600.00000005,717.021915,1916.83575
1443600.00000005,1444500,660.450765,1754.63625
1444500,1445399.99999995,593.236905,1650.04245
1445399.99999995,1446300.00000005,610.3584,1470.26367
1446300.00000005,1447200,594.360345,1470.63561
1447200,1448099.99999995,569.48262,1280.759235
1448099.99999995,1449000.00000005,486.69051,1059.648795
1449000.00000005,1449900,352.607205,633.64113
1449900,1450799.99999995,118.8341085,268.08636
1450799.99999995,1451700.00000005,391.027695,756.852
1451700.00000005,1452600,534.892485,945.356865
1452600,1453499.99999995,441.87534,886.03413
1453499.99999995,1454400.00000005,507.48807,1068.204975
1454400.00000005,1455300,427.94709,1022.682525
1455300,1456199.99999995,451.734645,970.73307
1456199.99999995,1457100.00000005,334.662825,734.71176
1457100.00000005,1458000,329.31057,633.194235
1630150.00000003,1631049.99999998,207.460857,565.0899
1631049.99999998,1631949.99999992,263.673162,654.27417
1631949.99999992,1632850.00000003,128.353659,334.64199
1632850.00000003,1633749.99999998,208.845945,526.104675
1633749.99999998,1634649.99999992,269.768685,678.0339
1634649.99999992,1635550.00000003,271.330695,604.473
1635550.00000003,1636449.99999998,248.2473,603.03297
1636449.99999998,1637349.99999992,282.89961,619.349385
1637349.99999992,1638250.00000003,36.6013215,79.7759055
1638250.00000003,1639149.99999998,56.8884375,176.17398
1639149.99999998,1640049.99999992,210.6441,553.83117
1640049.99999992,1640950.00000003,372.86175,1138.10835
1640950.00000003,1641849.99999998,345.004785,1148.075865
1641849.99999998,1642749.99999992,7245.98925,51874.992
1642749.99999992,1643650.00000003,1092.09927,5427.1578
1643650.00000003,1644549.99999998,193.958817,727.15764
1644549.99999998,1645449.99999992,193.114041,503.16348
1645449.99999992,1646350.00000003,211.212429,609.54981
1646350.00000003,1647249.99999998,183.080808,545.58546
1647249.99999998,1648149.99999992,193.64535,530.47278
1648149.99999992,1649050.00000003,230.04024,606.41949
1649050.00000003,1649949.99999998,194.14278,554.059875
1649949.99999998,1650849.99999992,210.80754,516.40953
1650849.99999992,1651750.00000003,259.326825,651.84288
1651750.00000003,1652649.99999998,252.70263,575.823495
1652649.99999998,1653549.99999992,268.71168,762.499305
1653549.99999992,1654450.00000003,424.807365,1044.916755
1654450.00000003,1655349.99999998,263.671515,803.190135
1655349.99999998,1656249.99999992,315.61053,959.279685
1656249.99999992,1657150.00000003,340.1409,988.922805
1657150.00000003,1658049.99999998,308.71428,952.49541
1658049.99999998,1658949.99999992,289.874835,954.68409
1658949.99999992,1659850.00000003,308.46165,961.709325
1659850.00000003,1660749.99999998,309.708915,1061.48214
1660749.99999998,1661649.99999992,291.46203,826.17888
1661649.99999992,1662550.00000003,310.61904,1011.43269
1662550.00000003,1663449.99999998,375.51666,1113.033555
1663449.99999998,1664349.99999992,359.97165,1260.029835
1664349.99999992,1665250.00000003,215.500245,568.09134
1665250.00000003,1666149.99999998,159.55053,414.39096
1667000.00000002,1667899.99999997,638.451315,2634.817365
1667899.99999997,1668800.00000008,605.41911,2359.17684
1668800.00000008,1669700.00000002,275.3390025,1053.655605
1669700.00000002,1670599.99999997,334.6837875,1252.09926
1670599.99999997,1671500.00000008,284.3684955,1024.08219
1671500.00000008,1672400.00000002,251.7354,908.34705
1672400.00000002,1673299.99999997,266.339169,1212.271875
1673299.99999997,1674200.00000008,240.5354625,1206.949635
1674200.00000008,1675100.00000002,234.0438975,873.32742
1675100.00000002,1675999.99999997,172.755315,615.73437
1675999.99999997,1676900.00000008,190.9677555,716.01219
1676900.00000008,1677800.00000002,179.763498,1238.49693
1677800.00000002,1678699.99999997,155.5576875,682.763805
1678699.99999997,1679600.00000008,146.589588,447.7142745
1679600.00000008,1680500.00000002,121.7008215,343.8830925
1680500.00000002,1681399.99999997,116.451657,395.2008585
1681399.99999997,1682300.00000008,173.32758,620.99127
1682300.00000008,1683200.00000002,197.2221705,733.915575
1683200.00000002,1684099.99999997,259.6588335,716.751315
1684099.99999997,1685000.00000008,240.6832785,611.55819
1685000.00000008,1685900.00000002,314.629929,724.35474
1685900.00000002,1686799.99999997,233.582481,560.13363
1686799.99999997,1687700.00000008,156.3652485,434.7986085
1687700.00000008,1688600.00000002,152.285058,345.8565315
1688600.00000002,1689499.99999997,206.394588,631.31688
1689499.99999997,1690400.00000008,209.486961,559.05372
1690400.00000008,1691300.00000002,347.3174205,852.84747
1691300.00000002,1692199.99999997,377.708058,949.746375
1692199.99999997,1693100.00000008,326.6242875,822.965355
1693100.00000008,1694000.00000002,267.0957405,648.628155
1694000.00000002,1694899.99999997,371.6435565,958.67568
